0.01701452824
0.02003996187
0.02317104403
0.02438677733
0.02562136429
0.04321602114
0.04467434255
0.04590812097
0.04866697337
0.0493804554
0.05202275582
0.05313458841
0.05356338545
0.0550645239
0.05601559221
0.06602515008
0.0689198108
0.07079866303
0.07383309055
0.07703609084
0.0782652198
0.07949670827
0.09834641289
0.1003972657
0.1024555288
0.1045183788
0.1239293337
0.1247582191
0.1259960032
0.1287574144
0.1298189545
0.1315310868
0.1319591413
0.1380371964
0.1444528901
0.1465400791
0.1482546668
0.1497356467
0.182843107
0.1839129326
0.184648229
0.1856764081
0.1867038134
0.1874541381
0.1879306917
0.1930687969
0.1954409078
0.1969406299
0.198690943
0.2317984032
0.2335129819
0.2350100235
0.2359815453
0.2369759204
0.2428863228
0.2437041016
0.2447039495
0.2481359401
0.2495282315
0.258305485
0.2590275492
0.2597622902
0.260814567
0.2618220383
0.2715202625
0.2725529141
0.2742707021
0.2758554371
0.2792141522
0.2824233591
0.2836470517
0.2848843726
0.3024668792
0.3038599138
0.3051621717
0.3074486766
0.3094887837
0.3294388444
0.3313502034
0.3349828832
0.3377129545
0.3514417248
0.3524836225
0.3528946558
0.3546141683
0.3560858409
0.3891933011
0.3909078798
0.3926383399
0.3946981068
0.4006756374
0.4028019501
0.4083924682
0.4176833501
0.4341889575
