0.001712292217
0.003187258397
0.00426834073
0.005666180747
0.01076693522
0.01439504481
0.01766065087
0.01867200149
0.02113725979
0.02612612901
0.02758684733
0.03307467239
0.03350817579
0.03443439764
0.03513000896
0.0386638205
0.03969157334
0.04946102197
0.05026357509
0.05227714248
0.05330042672
0.05356585003
0.06266609002
0.06361193797
0.06546591233
0.06684316085
0.06706629948
0.07012388608
0.07337788875
0.07413401016
0.07690605779
0.0819134435
0.08233250532
0.08324013084
0.0839982878
0.08822684399
0.08900261776
0.08973678768
0.09022147968
0.09521630249
0.09569338287
0.09741323565
0.09783571952
0.09833500986
0.09848329209
0.1012310528
0.1020681591
0.1040287458
0.1044660382
0.1099752748
0.1108301968
0.1168815945
0.1175748864
0.1180278519
0.1231651531
0.1254996448
0.1265724311
0.1293351275
0.1305837193
0.1320255153
0.1502271534
0.1524950656
0.1557631002
0.1588899112
0.1600546757
0.1604614694
0.162173628
0.1632531729
0.1723608065
0.1737151767
0.1754324156
0.1768236056
0.1855913037
0.1863391627
0.1867494219
0.1902060918
0.1910856934
0.1924853126
0.1979755074
0.2001319982
0.2035895312
0.2050186159
0.2141496819
0.215114857
0.2165770313
0.2287200565
0.2304148415
0.2312407824
0.240906638
0.2419859587
0.2455810322
0.2464178365
0.2473204322
0.2532710764
0.2546550578
0.2551152191
0.2585625969
0.2599344507
0.2691264418
0.2701566479
0.2715178414
0.2727719617
0.282152579
0.2832041899
0.2849327391
0.2868021134
0.289844962
0.2928797345
0.2941396461
0.2949555956
0.3132318419
0.3146787882
0.3155291811
0.3224152067
0.3234215117
0.3238456195
0.325587708
0.3271114128
0.3281331878
0.3290782993
0.3346409622
0.3351862867
0.3360905001
0.3368455421
0.3403162727
0.3416852545
0.3502669211
0.3518626406
0.3553006389
0.3574302543
0.3634027572
0.3655267
0.3706533182
0.3801517644
0.3812645174
0.3828666521
0.3842572158
0.3927619682
0.3931800765
0.3942098599
0.3959502724
0.3963573172
0.3976711532
0.4006936672
0.4039498932
0.4047089066
0.4066708314
0.4071048928
0.4120942777
0.4126041114
0.4131206195
0.4136914614
0.4187086583
0.4200763827
0.4205143282
0.4252363655
0.4259807333
0.4277843619
0.4286141912
0.4319625277
0.4356472973
0.4406898461
0.4431375476
0.4447407188
0.4455845394
0.4464167501
