0
0.001698581619
0.002949007811
0.004076161402
0.005132003478
0.00613914357
0.007110111627
0.008052800673
0.008972601783
0.009873409785
0.0107581573
0.01162912378
0.01248812617
0.01333664273
0.01417589673
0.01500691502
0.01583057011
0.01664761123
0.01745868765
0.01826436654
0.01906514693
0.01986147061
0.020653731
0.02144228016
0.02222743459
0.02300948006
0.0237886755
0.02456525637
0.02533943741
0.0261114151
0.02688136955
0.02764946643
0.0284158583
0.02918068605
0.02994407993
0.03070616062
0.03146704006
0.03222682229
0.032985604
0.03374347537
0.03450052029
0.03525681713
0.03601243901
0.03676745432
0.03752192687
0.03827591644
0.03902947888
0.03978266644
0.04053552809
0.04128810962
0.04204045379
0.04279260072
0.04354458786
0.04429645019
0.04504822047
0.04579992918
0.04655160473
0.04730327365
0.04805496059
0.04880668836
0.04955847823
0.05031034975
0.05106232102
0.05181440865
0.05256662788
0.05331899263
0.05407151551
0.054824208
0.05557708032
0.05633014159
0.05708339988
0.05783686222
0.05859053457
0.05934442205
0.06009852879
0.06085285795
0.0616074119
0.06236219223
0.06311719955
0.06387243385
0.06462789425
0.06538357916
0.06613948633
0.0668956127
0.0676519546
0.06840850773
0.06916526706
0.06992222701
0.07067938133
0.07143672324
0.07219424533
0.07295193966
0.07370979768
0.07446781034
0.07522596809
0.07598426083
0.07674267791
0.07750120827
0.0782598403
0.07901856194
0.0797773607
0.08053622357
0.08129513712
0.08205408748
0.08281306035
0.08357204103
0.08433101435
0.08508996482
0.08584887644
0.08660773288
0.08736651743
0.088125213
0.0888838021
0.08964226688
0.09040058914
0.09115875033
0.09191673152
0.09267451345
0.09343207654
0.0941894009
0.09494646623
0.09570325197
0.09645973723
0.09721590084
0.09797172124
0.09872717666
0.09948224497
0.1002369038
0.1009911304
0.1017449019
0.1024981949
0.1032509861
0.1040032515
0.1047549671
0.1055061086
0.1062566515
0.1070065709
0.1077558417
0.1085044387
0.1092523362
0.1099995085
0.1107459296
0.1114915732
0.1122364128
0.1129804219
0.1137235734
0.1144658403
0.1152071953
0.1159476108
0.1166870591
0.1174255125
0.1181629426
0.1188993214
0.1196346203
0.1203688106
0.1211018637
0.1218337506
0.1225644419
0.1232939086
0.1240221212
0.1247490502
0.1254746655
0.1261989377
0.1269218362
0.1276433314
0.1283633928
0.12908199
0.1297990922
0.1305146693
0.1312286901
0.1319411239
0.1326519397
0.1333611065
0.134068593
0.1347743681
0.1354784003
0.1361806583
0.1368811106
0.1375797256
0.1382764716
0.138971317
0.1396642301
0.1403551789
0.1410441318
0.1417310565
0.1424159214
0.1430986943
0.1437793435
0.1444578365
0.1451341415
0.1458082265
0.1464800592
0.1471496077
0.1478168398
0.1484817233
0.1491442261
0.1498043164
0.1504619618
0.1511171303
0.1517697901
0.1524199089
0.1530674549
0.153712396
0.1543547007
0.1549943368
0.1556312727
0.1562654766
0.1568969169
0.1575255619
0.15815138
0.15877434
0.1593944104
0.1600115601
0.1606257576
0.1612369719
0.1618451722
0.1624503273
0.1630524069
0.16365138
0.1642472159
0.1648398845
0.1654293553
0.1660155984
0.1665985837
0.1671782809
0.1677546608
0.1683276935
0.1688973498
0.1694636005
0.1700264163
0.1705857682
0.1711416276
0.1716939661
0.1722427548
0.1727879661
0.1733295716
0.1738675436
0.1744018545
0.1749324768
0.1754593833
0.1759825472
0.1765019419
0.1770175403
0.1775293164
0.1780372441
0.1785412976
0.1790414511
0.1795376795
0.1800299576
0.1805182603
0.1810025631
0.1814828419
0.1819590723
0.1824312306
0.182899293
0.1833632366
0.1838230383
0.1842786751
0.1847301248
0.1851773652
0.1856203744
0.1860591308
0.1864936134
0.1869238008
0.1873496726
0.1877712083
0.188188388
0.188601192
0.1890096007
0.189413595
0.1898131563
0.1902082662
0.1905989062
0.1909850588
0.1913667066
0.1917438325
0.1921164196
0.1924844513
0.1928479119
0.1932067854
0.1935610563
0.1939107099
0.1942557312
0.1945961059
0.1949318203
0.1952628606
0.1955892134
0.1959108661
0.1962278058
0.1965400205
0.1968474988
0.1971502285
0.1974481993
0.1977414002
0.1980298209
0.1983134513
0.1985922821
0.198866304
0.1991355082
0.1993998863
0.1996594304
0.1999141328
0.200163986
0.2004089834
0.2006491183
0.2008843846
0.2011147765
0.201340289
0.2015609169
0.2017766554
0.2019875006
0.2021934489
0.2023944963
0.2025906402
0.2027818778
0.2029682069
0.2031496254
0.2033261324
0.2034977262
0.2036644064
0.2038261724
0.2039830246
0.2041349631
0.2042819891
0.2044241034
0.2045613077
0.2046936041
0.2048209951
0.2049434829
0.2050610709
0.2051737628
0.2052815621
0.205384473
0.2054825005
0.2055756491
0.2056639243
0.2057473321
0.205825878
0.2058995689
0.2059684116
0.2060324128
0.2060915805
0.2061459223
0.2061954464
0.2062401616
0.2062800768
0.2063152012
0.2063455445
0.2063711166
0.2063919278
0.2064079886
0.2064193104
0.2064259044
0.2064277821
0.2064249556
0.2064174371
0.2064052395
0.2063883756
0.2063668586
0.2063407023
0.2063099203
0.2062745273
0.2062345375
0.2061899658
0.2061408274
0.2060871377
0.2060289125
0.2059661678
0.2058989198
0.2058271853
0.2057509813
0.2056703245
0.2055852327
0.2054957235
0.2054018152
0.2053035257
0.2052008737
0.2050938778
0.2049825572
0.2048669312
0.2047470194
0.2046228414
0.2044944173
0.2043617675
0.2042249125
0.2040838726
0.2039386693
0.2037893237
0.203635857
0.2034782912
0.2033166477
0.2031509489
0.2029812166
0.2028074739
0.2026297431
0.2024480468
0.2022624085
0.2020728514
0.2018793987
0.2016820741
0.2014809015
0.2012759044
0.2010671074
0.2008545346
0.2006382106
0.2004181597
0.2001944069
0.1999669766
0.1997358947
0.1995011858
0.1992628752
0.1990209887
0.1987755517
0.1985265897
0.1982741289
0.1980181951
0.1977588145
0.1974960132
0.1972298173
0.1969602535
0.1966873481
0.1964111277
0.1961316193
0.1958488491
0.1955628446
0.1952736321
0.1949812392
0.1946856927
0.1943870198
0.1940852479
0.1937804042
0.1934725158
0.1931616105
0.1928477156
0.1925308587
0.1922110673
0.1918883691
0.1915627917
0.1912343627
0.1909031098
0.1905690611
0.1902322439
0.1898926864
0.1895504162
0.1892054612
0.1888578492
0.1885076082
0.1881547659
0.1877993502
0.1874413891
0.1870809105
0.1867179419
0.1863525117
0.1859846473
0.1856143766
0.1852417278
0.1848667281
0.1844894057
0.1841097882
0.1837279033
0.1833437786
0.1829574422
0.1825689211
0.1821782431
0.1817854357
0.1813905267
0.1809935431
0.1805945127
0.1801934627
0.1797904198
0.179385412
0.1789784664
0.1785696097
0.1781588689
0.1777462714
0.1773318436
0.176915613
0.1764976057
0.1760778489
0.1756563687
0.1752331919
0.1748083449
0.174381854
0.1739537457
0.1735240457
0.1730927804
0.1726599758
0.1722256578
0.1717898521
0.1713525846
0.1709138805
0.1704737657
0.1700322657
0.1695894055
0.1691452102
0.1686997049
0.1682529151
0.167804865
0.1673555797
0.1669050837
0.1664534018
0.1660005579
0.1655465767
0.1650914823
0.1646352984
0.1641780496
0.163719759
0.1632604505
0.162800148
0.1623388745
0.1618766533
0.1614135079
0.1609494609
0.1604845356
0.1600187545
0.1595521403
0.1590847156
0.1586165025
0.1581475235
0.1576778007
0.1572073559
0.156736211
0.1562643877
0.1557919074
0.1553187917
0.1548450616
0.1543707385
0.1538958432
0.1534203964
0.1529444192
0.1524679318
0.1519909545
0.1515135078
0.1510356117
0.1505572863
0.1500785512
0.1495994262
0.1491199309
0.1486400844
0.1481599063
0.1476794151
0.1471986303
0.1467175703
0.1462362538
0.1457546995
0.1452729257
0.1447909503
0.1443087913
0.1438264671
0.1433439948
0.1428613923
0.1423786772
0.1418958664
0.1414129774
0.1409300268
0.1404470317
0.1399640086
0.1394809743
0.1389979447
0.1385149365
0.1380319657
0.137549048
0.1370661995
0.1365834356
0.1361007719
0.1356182234
0.1351358061
0.1346535341
0.1341714229
0.133689487
0.133207741
0.1327261995
0.1322448766
0.1317637867
0.1312829437
0.1308023612
0.1303220534
0.1298420338
0.1293623154
0.1288829119
0.1284038363
0.1279251015
0.1274467207
0.1269687064
0.1264910709
0.1260138274
0.1255369872
0.1250605633
0.1245845674
0.124109011
0.1236339067
0.1231592653
0.1226850987
0.1222114181
0.1217382344
0.1212655591
0.1207934031
0.1203217769
0.1198506914
0.1193801567
0.118910184
0.1184407827
0.1179719634
0.117503736
0.1170361101
0.1165690958
0.1161027026
0.11563694
0.1151718172
0.1147073434
0.114243528
0.1137803798
0.1133179075
0.1128561199
0.1123950259
0.1119346334
0.1114749514
0.1110159877
0.1105577506
0.1101002478
0.1096434877
0.1091874776
0.1087322254
0.1082777384
0.1078240244
0.1073710904
0.1069189435
0.1064675907
0.1060170395
0.1055672963
0.1051183679
0.1046702608
0.104222982
0.1037765372
0.1033309334
0.102886176
0.102442272
0.1019992267
0.1015570462
0.1011157361
0.1006753024
0.1002357503
0.09979708553
0.09935931342
0.09892243907
0.09848646763
0.09805140448
0.09761725404
0.09718402183
0.09675171192
0.09632032954
0.09588987914
0.09546036495
0.09503179155
0.09460416317
0.09417748403
0.09375175844
0.09332699019
0.09290318344
0.09248034172
0.09205846887
0.09163756867
0.09121764469
0.09079870065
0.09038073961
0.08996376492
0.08954777972
0.08913278766
0.0887187914
0.08830579439
0.08789379885
0.08748280823
0.08707282499
0.08666385176
0.08625589139
0.08584894618
0.08544301891
0.08503811161
0.08463422661
0.08423136657
0.08382953295
0.08342872842
0.08302895443
0.08263021355
0.08223250733
0.0818358376
0.08144020594
0.08104561423
0.08065206412
0.08025955674
0.07986809399
0.07947767708
0.07908830718
0.07869998602
0.07831271421
0.07792649329
0.07754132412
0.07715720804
0.0767741456
0.07639213807
0.07601118597
0.07563129022
0.07525245155
0.0748746707
0.07449794791
0.07412228411
0.07374767958
0.07337413496
0.07300165043
0.07263022634
0.07225986289
0.07189056065
0.07152231952
0.07115513944
0.07078902073
0.07042396331
0.07005996734
0.06969703253
0.06933515869
0.06897434571
0.06861459339
0.06825590145
0.06789826949
0.06754169722
0.06718618435
0.06683173008
0.06647833424
0.06612599592
0.06577471492
0.06542449026
0.06507532142
0.06472720775
0.06438014849
0.06403414247
0.0636891892
0.06334528766
0.06300243725
0.06266063642
0.06231988472
0.06198018067
0.06164152348
0.061303912
0.06096734474
0.06063182124
0.06029733964
0.0599638987
0.0596314974
0.05930013447
0.05896980825
0.05864051746
0.05831226074
0.05798503649
0.05765884326
0.05733367962
0.057009544
0.05668643469
0.05636435036
0.05604328888
0.05572324897
0.05540422873
0.05508622658
0.05476924062
0.05445326903
0.05413830987
0.05382436163
0.0535114223
0.05319948989
0.05288856236
0.05257863806
0.05226971503
0.05196179061
0.05165486361
0.05134893132
0.05104399202
0.05074004363
0.05043708353
0.05013511037
0.04983412109
0.04953411423
0.04923508693
0.04893703744
0.04863996336
0.04834386226
0.04804873201
0.04775456998
0.04746137389
0.04716914155
0.04687787055
0.04658755851
0.04629820246
0.0460098007
0.04572235024
0.04543584887
0.0451502938
0.04486568262
0.04458201279
0.04429928177
0.0440174868
0.04373662544
0.0434566952
0.04317769304
0.04289961625
0.04262246278
0.04234622942
0.04207091374
0.04179651255
0.04152302334
0.04125044333
0.04097876995
0.04070800035
0.04043813141
0.04016916053
0.03990108494
0.0396339015
0.03936760738
0.03910219979
0.03883767591
0.03857403274
0.03831126719
0.03804937661
0.03778835762
0.03752820739
0.0372689233
0.03701050181
0.03675294026
0.03649623516
0.03624038371
0.03598538315
0.03573122979
0.03547792073
0.03522545329
0.0349738237
0.03472302927
0.03447306665
0.03422393261
0.03397562375
0.03372813746
0.03348147008
0.03323561844
0.03299057946
0.03274634956
0.03250292582
0.03226030476
0.03201848286
0.03177745722
0.03153722395
0.03129778031
0.03105912274
0.03082124771
0.03058415157
0.03034783152
0.03011228363
0.02987750469
0.02964349114
0.0294102395
0.02917774629
0.02894600795
0.02871502099
0.02848478172
0.02825528719
0.02802653284
0.02779851551
0.02757123189
0.02734467784
0.02711885002
0.02689374445
0.02666935787
0.02644568609
0.02622272568
0.0260004729
0.02577892354
0.02555807425
0.02533792099
0.02511846005
0.02489968734
0.02468159906
0.02446419121
0.02424746
0.0240314015
0.0238160113
0.02360128578
0.02338722059
0.02317381204
0.02296105539
0.02274894714
0.02253748301
0.02232665816
0.02211646878
0.02190691088
0.02169797973
0.02148967122
0.02128198053
0.02107490386
0.02086843625
0.0206625734
0.02045731093
0.0202526437
0.02004856764
0.01984507791
0.01964216961
0.01943983817
0.01923807828
0.01903688582
0.01883625517
0.01863618149
0.01843666003
0.01823768534
0.01803925252
0.01784135625
0.01764399102
0.01744715149
0.01725083223
0.01705502774
0.01685973268
0.01666494105
0.01647064659
0.0162768444
0.01608352769
0.01589069091
0.01569832763
0.01550643144
0.01531499671
0.01512401601
0.01493348331
0.01474339149
0.01455373374
0.01436450343
0.01417569298
0.01398729523
0.01379930259
0.01361170801
0.01342450304
0.01323767979
0.0130512303
0.01286514595
0.01267941851
0.01249403935
0.01230899863
0.01212428784
0.01193989691
0.01175581644
0.01157203607
0.01138854547
0.01120533358
0.01102239002
0.01083970317
0.0106572607
0.01047505097
0.01029306127
0.01011127787
0.009929687712
0.00974827669
0.009567030108
0.009385932152
0.00920496753
0.009024119555
0.008843370438
0.008662702089
0.008482096241
0.008301532112
0.00812098911
0.007940445038
0.007759876836
0.007579260523
0.007398569627
0.007217776854
0.007036853231
0.006855767946
0.006674487982
0.006492979399
0.006311203371
0.006129119821
0.005946686415
0.005763856108
0.005580578809
0.005396799378
0.005212459223
0.005027492472
0.004841828992
0.004655389843
0.004468089197
0.00427983034
0.004090506033
0.00389999525
0.003708160993
0.003514848144
0.003319876212
0.003123037594
0.002924088364
0.002722737443
0.002518635683
0.002311353716
0.002100353376
0.001884945327
0.001664213217
0.001436892567
0.001201130554
0.0009539911988
0.0006901788714
0.0003975280756
0
