0
0.0003532479377
0.0007086110603
0.001066091289
0.001425690412
0.001787410092
0.00215125185
0.002517217077
0.002885307023
0.003255522802
0.003627865385
0.004002335601
0.004378934136
0.004757661527
0.005138518165
0.005521504288
0.005906619989
0.006293865198
0.006683239701
0.007074743117
0.007468374911
0.007864134388
0.008262020687
0.008662032788
0.009064169498
0.009468429462
0.009874811154
0.01028331287
0.01069393276
0.01110666875
0.01152151863
0.01193848
0.01235755027
0.01277872669
0.0132020063
0.01362738597
0.01405486237
0.014484432
0.01491609117
0.01534983597
0.01578566231
0.01622356592
0.01666354229
0.01710558678
0.01754969446
0.01799586029
0.01844407895
0.01889434495
0.0193466526
0.01980099596
0.02025736891
0.02071576515
0.02117617807
0.02163860094
0.02210302678
0.02256944836
0.02303785826
0.02350824883
0.02395830742
0.02439219475
0.02482787167
0.02526533037
0.0257045628
0.02614556072
0.02658831568
0.02703281899
0.0274790618
0.02823214495
0.02907381772
0.02991869384
0.03076675514
0.0316179829
0.03247235801
0.033329861
0.03419047198
0.03505192456
0.03545190919
0.03585329931
0.03625608491
0.03683285913
0.03749645863
0.03816229066
0.03894029927
0.03995121951
0.04096542585
0.0419828902
0.04300358396
0.0440274781
0.04505454303
0.04608474864
0.0471180644
0.04815445917
0.04919390138
0.05023635891
0.05128179915
0.05233018897
0.05338149475
0.05443568235
0.05549271705
0.05655256375
0.05761518675
0.05868054983
0.05974861627
0.06081934888
0.06189270992
0.0629686611
0.06404716367
0.0651281784
0.06621166543
0.06729758448
0.06838589473
0.06947655487
0.07056952307
0.07166475687
0.07276221357
0.07386184977
0.07496362147
0.07606748437
0.07717339357
0.07828130377
0.07939116897
0.08050294287
0.08161657837
0.08273202837
0.08384924487
0.08496817937
0.08608878317
0.0868471655
0.08743994755
0.08803353124
0.0886497319
0.08938039371
0.09011194011
0.0909019015
0.0919358685
0.0929709385
0.0940070626
0.0950441913
0.0960822749
0.0971212631
0.09788189898
0.09844474087
0.0994125677
0.1004350197
0.101458107
0.1024817778
0.1035059801
0.1045306615
0.1054222088
0.1062227052
0.1070234512
0.1075844187
0.108489654
0.1094196872
0.1103498129
0.1111819537
0.1118493296
0.1125628453
0.1136268784
0.1146907275
0.1157543341
0.1168176385
0.1178805814
0.1189431028
0.1200051426
0.1210666403
0.122127535
0.1231877659
0.1242472716
0.1253059904
0.1263638606
0.1274208201
0.1284768064
0.129531757
0.1305856092
0.1316382997
0.1326897655
0.1337399429
0.1347887683
0.135836178
0.1368821077
0.1378590098
0.1385706229
0.1392810942
0.1399903796
0.1406984346
0.1414052151
0.1421106764
0.142792182
0.1433541015
0.1439148591
0.1444744189
0.1450327453
0.1458040167
0.1467581926
0.1477100655
0.1486595737
0.1496066554
0.1505512486
0.1514932915
0.1524327222
0.1533689069
0.1543023335
0.155232964
0.1561607365
0.157085589
0.15800746
0.1589262876
0.1598420101
0.1603997519
0.160855654
0.1613099068
0.1618743551
0.162517386
0.1631579332
0.1639138731
0.1648995487
0.1658811691
0.1668586671
0.1678319757
0.1688010279
0.169765757
0.1707260965
0.1716819803
0.1726333424
0.1735801168
0.174522238
0.1754596407
0.1763922601
0.1773200311
0.1782428894
0.1791607709
0.1800736116
0.1809813481
0.1818839171
0.1827812557
0.1836733015
0.1845599923
0.1854412662
0.1863170619
0.1871873183
0.1880519748
0.1889109711
0.1897642477
0.1906117449
0.191453404
0.1922891663
0.1931189739
0.1939427692
0.1947604952
0.1955720954
0.1963775134
0.1971766938
0.1979695816
0.1987561221
0.1995362612
0.2003099457
0.2010771224
0.2018377391
0.2025917439
0.2033390856
0.2040797136
0.2048135777
0.2055406286
0.2062608174
0.2069740959
0.2076804165
0.2083797321
0.2090719966
0.2097571643
0.2104351899
0.2111060293
0.2117696386
0.2124259749
0.2130472301
0.2133968025
0.2137423446
0.2140838346
0.2144212507
0.2147545718
0.2150837773
0.2154088468
0.2157297603
0.2161487114
0.2167729289
0.2173887314
0.2179960821
0.2185949452
0.2191852857
0.2197670693
0.2203402634
0.2209048349
0.2214607527
0.2219123618
0.2221812511
0.2224457747
0.2227059185
0.222961669
0.2232130128
0.2234599374
0.2237024305
0.2239404801
0.2241740749
0.2244032039
0.2246278566
0.2249233231
0.2253154709
0.2256994274
0.2260751762
0.2264427026
0.2268019921
0.2271530316
0.2274958081
0.2278303102
0.2281565271
0.2284744483
0.2287840643
0.2290853675
0.2293783494
0.2296630036
0.2299393241
0.2302073056
0.2304669437
0.2307182353
0.230961177
0.2311957671
0.2314220049
0.2316398899
0.2318494225
0.2320506039
0.2322434368
0.2324279239
0.2326040687
0.2327718762
0.2329313515
0.2330825008
0.2332253313
0.2333598502
0.2334860663
0.2336039891
0.2337136283
0.2338149952
0.2339081009
0.2339929581
0.23406958
0.2341379804
0.2341981739
0.2342501761
0.2342940031
0.2343296714
0.2343571991
0.2343766045
0.2343879063
0.2343911247
0.2343862802
0.2343733935
0.2343524871
0.2343235833
0.2342867055
0.2342418775
0.234189124
0.2341284702
0.2340599424
0.2339835671
0.2338993716
0.2338073835
0.2337076319
0.2336001456
0.2334849547
0.2333620893
0.2332315805
0.2330934601
0.2329477603
0.2327945138
0.2326337543
0.2324655156
0.2322898319
0.2321067388
0.2319162714
0.2317184663
0.2315133601
0.2313009901
0.2310813939
0.2308546095
0.2306206763
0.2303796329
0.2301315195
0.2298763761
0.2296142433
0.2293451624
0.2290691751
0.228786323
0.2284966487
0.2282001954
0.2278970061
0.2275871244
0.2272705947
0.2269474615
0.2266177693
0.2262815639
0.2259388905
0.2255897951
0.2252343242
0.2248725244
0.2246176507
0.2244117874
0.2242025214
0.223989879
0.223773887
0.223554572
0.2233319606
0.2231060802
0.2228769576
0.2226446202
0.2224090953
0.2221704107
0.2219285939
0.2215499784
0.2210533003
0.2205505172
0.2200416848
0.21952686
0.2190060995
0.2184794601
0.2179469991
0.2174087734
0.2168648408
0.2163152589
0.2158519146
0.2155711706
0.215287685
0.2150014865
0.2147126047
0.2144210684
0.2141269073
0.2138301503
0.2135308269
0.2132289663
0.2128498967
0.2122866587
0.2117189258
0.211146752
0.2105701911
0.2099892976
0.209404125
0.208814728
0.2082211604
0.2076234763
0.2070217297
0.206415975
0.2058062659
0.2051926563
0.2045752004
0.2039539519
0.2033289645
0.2027002924
0.2020679886
0.2014321074
0.2007927019
0.2001498255
0.1995035317
0.1988538737
0.1982009045
0.197544677
0.1968852446
0.1962226594
0.1955569746
0.1948882423
0.1942165152
0.1935418448
0.192864284
0.1921838844
0.1915006975
0.1908147748
0.1901261681
0.1894349281
0.1887411068
0.1880447537
0.1873459207
0.1866446574
0.1859410142
0.1852350415
0.1845267887
0.1838163062
0.1831036423
0.1823888468
0.181671969
0.1809530571
0.1802321597
0.1795093252
0.1787846015
0.1780580365
0.1773296779
0.1765995728
0.1758677682
0.1751343105
0.1743992473
0.1736626239
0.1729244865
0.1721848811
0.1714438531
0.1707014474
0.1699577093
0.169212683
0.168466413
0.1677189438
0.1669703188
0.1662205812
0.1654697748
0.1647179423
0.1639651259
0.16334306
0.162856545
0.1623694774
0.1618818835
0.1614255308
0.1610829718
0.160740099
0.1603969311
0.1600534858
0.1593783723
0.1586923479
0.1580058765
0.1573189929
0.1566317319
0.1559441277
0.155256214
0.1545680251
0.1538795939
0.1531909537
0.1525021374
0.1518127591
0.1511232494
0.1504336602
0.1497440232
0.1490543699
0.1483647316
0.1476751389
0.1469856222
0.1462962122
0.1456069382
0.1450736506
0.1446723994
0.1442712789
0.1438703061
0.1434694975
0.1430688693
0.14266003
0.1421595504
0.1416593566
0.1411594688
0.1406599064
0.1401606884
0.1396618343
0.1391633625
0.1386652919
0.1381676408
0.1376501507
0.1369222168
0.1361949773
0.1354684577
0.1347426831
0.1340176794
0.1332934711
0.1325700828
0.1318475385
0.1311258631
0.1304050791
0.1296852109
0.1289662811
0.1282483125
0.1275313277
0.1268153489
0.1261003983
0.1253864971
0.1246736667
0.1239619286
0.1232513034
0.1225418112
0.1218334728
0.1211263075
0.1204203353
0.1197155757
0.1190120476
0.1183097696
0.117608761
0.1169090389
0.1162106223
0.1155135286
0.1148177748
0.114123379
0.1134303572
0.1127387266
0.1121941196
0.1117621728
0.111331129
0.1108883967
0.1102901827
0.1096932671
0.1090976626
0.1085033826
0.1079104388
0.1074421104
0.1070934654
0.1066010357
0.1060949136
0.1055899944
0.1050862876
0.1044817236
0.1038395891
0.1031990439
0.1025600992
0.1019227663
0.1012870562
0.10065298
0.1000205481
0.0993897711
0.0987606589
0.09830274976
0.09795780366
0.09761379176
0.0970310869
0.0963985212
0.09576771
0.0951386629
0.0945113881
0.0938858942
0.0932621894
0.0926402822
0.0920201803
0.0914018914
0.0907854227
0.09032588085
0.08989132385
0.08945807315
0.08902613305
0.08859550895
0.08823406856
0.08788548966
0.08753799286
0.08719158186
0.08684625976
0.08650202986
0.08590618707
0.08525775577
0.08461141157
0.08396716057
0.08332500677
0.08268495637
0.08204701267
0.08141118137
0.08077746657
0.08014587217
0.07951640247
0.07888906127
0.07826385217
0.07764077917
0.07701984517
0.07640105397
0.07578440787
0.07516991017
0.07455756347
0.07394737057
0.07333933427
0.07273345617
0.07212973867
0.07152818327
0.07092879287
0.07033156857
0.06973651227
0.06914362457
0.06855290777
0.06796436237
0.06737798947
0.06679379027
0.06621176517
0.06563191517
0.06505424037
0.06447874127
0.06390541847
0.06333427137
0.06276530067
0.06219850537
0.06163388627
0.06107144257
0.06051117367
0.05995307887
0.05939715777
0.05884340967
0.05829183307
0.05774242757
0.05719519167
0.05665012397
0.05610722387
0.05556648897
0.05502791827
0.05449150987
0.05395726257
0.05342517377
0.05289524217
0.05236746537
0.05184184127
0.05131836777
0.05079704277
0.05027786327
0.04976082737
0.04924593207
0.04873317527
0.04822255387
0.04771406497
0.04720770567
0.04670347347
0.04620136507
0.04570137697
0.04520350637
0.04470774987
0.04421410437
0.04372256627
0.04323313197
0.04274579787
0.04226056067
0.04177741647
0.04129636147
0.04081739207
0.04034050427
0.03986569397
0.03939295747
0.03892229027
0.0385077132
0.0381983951
0.0378904409
0.0375838477
0.0372786127
0.0369747327
0.0366722048
0.03637801571
0.03619477911
0.03601236331
0.03583076641
0.03564998661
0.03547002201
0.03529087051
0.03511253011
0.03480079388
0.03441783418
0.03403661938
0.03365714518
0.03327940718
0.03290340088
0.03252912168
0.03215656518
0.03178572668
0.03141660158
0.03104918548
0.03068347368
0.03031946128
0.02995714408
0.02959651658
0.02923757448
0.02888031288
0.02852472708
0.02817081218
0.02781856318
0.02751874956
0.02733232016
0.02714677296
0.02696210546
0.02677831476
0.02659539836
0.02641335376
0.02623217766
0.02605186816
0.02587242196
0.02569383636
0.02551610916
0.02533923686
0.02516321746
0.02498804756
0.02481372506
0.02464024646
0.02446760946
0.02429581126
0.02412484886
0.02395471976
0.02378542076
0.0236074376
0.0234241653
0.0232417913
0.023060313
0.0228797265
0.0227000297
0.0225212187
0.0223432908
0.0221662427
0.0219900713
0.0218147736
0.0216403464
0.0214667865
0.0212940909
0.0211222565
0.02095128
0.0207811583
0.0206118884
0.0204434671
0.0202758913
0.0201091576
0.019943263
0.0197782044
0.0196139788
0.0194505828
0.0192880134
0.0191262673
0.0189653416
0.0188052329
0.0186459381
0.0184874541
0.0183297778
0.0181729061
0.0180168357
0.0178615636
0.0177070865
0.0175534013
0.0174005051
0.0172483945
0.0170970666
0.0169465179
0.0167967454
0.0166477464
0.0164995173
0.0163520549
0.0162053566
0.0160594189
0.0159142389
0.0157698133
0.015626139
0.015483213
0.0153410323
0.0151995937
0.015058894
0.0149189303
0.0147796994
0.0146411983
0.0145034241
0.0143663733
0.0142300432
0.0140944305
0.0139595325
0.013825346
0.0136918678
0.0135590949
0.0134270245
0.0132956535
0.0131649786
0.0130349972
0.0129057061
0.0127771022
0.0126491827
0.0125219446
0.0123953847
0.0122695005
0.0121442885
0.012019746
0.0118958701
0.0117726577
0.0116501059
0.0115282119
0.0114069727
0.0112863854
0.011166447
0.0110471547
0.0109285056
0.0108104967
0.0106931253
0.0105763884
0.0104602831
0.0103448066
0.0102299561
0.0101157287
0.0100021217
0.009889132
0.009776757
0.0096649937
0.0095538397
0.0094432916
0.0093333471
0.0092240035
0.0091152574
0.0090071065
0.0088995482
0.0087925793
0.0086861976
0.0085803997
0.0084751834
0.0083705459
0.0082664844
0.0081629963
0.0080600786
0.0079577292
0.007855945
0.0077547233
0.0076540618
0.0075539575
0.007454408
0.0073554105
0.0072569624
0.0071590612
0.0070617043
0.0069648891
0.0068686131
0.0067728734
0.0066776678
0.0065829935
0.006488848
0.006395229
0.0063021338
0.0062095596
0.0061175044
0.0060259653
0.0059349401
0.005844426
0.0057544207
0.005664922
0.005575927
0.0054874335
0.005399439
0.005311941
0.0052249371
0.005138425
0.0050524022
0.0049668663
0.0048818151
0.004797246
0.0047131567
0.0046295448
0.004546408
0.0044637441
0.0043815507
0.0042998253
0.0042185658
0.0041377697
0.0040574349
0.0039775591
0.0038981399
0.0038191749
0.0037406622
0.0036625995
0.0035849843
0.0035078146
0.0034310881
0.0033548025
0.0032789557
0.0032035456
0.0031285699
0.0030540263
0.0029799128
0.0029062273
0.0028329675
0.0027601313
0.0026877167
0.0026157214
0.0025441433
0.0024729804
0.0024022305
0.0023318917
0.0022619618
0.0021924387
0.0021233203
0.0020546046
0.0019862895
0.0019183733
0.0018508535
0.0017837283
0.0017169957
0.0016506539
0.0015847006
0.0015191338
0.0014539518
0.0013891523
0.0013247338
0.0012606938
0.0011970308
0.0011337427
0.0010708276
0.0010082837
0.0009461088
0.0008843014
0.0008228592
0.0007617805
0.0007010636
0.0006407065
0.0005807072
0.0005210642
0.0004617752
0.0004028388
0.0003442528
0.0002860159
0.0002281259
0.0001705811
0.0001133796
5.65199e-05
0
