                               0
                             0.012
                            0.018000
                            0.035000
                            0.053000
                            0.055000
                            0.070000
                            0.089000
                            0.098000
                            0.10500
                            0.11300
                            0.12900
                            0.13500
                            0.14500
                            0.16000
                            0.16600
                            0.18000
                            0.19500
                            0.19600
                            0.20900
                            0.22400
                            0.22800
                            0.24200
                            0.25800
                            0.25800
                            0.27300
                            0.27700
                            0.28500
                            0.29000
                            0.30400
                            0.31900
                            0.33400
                            0.33900
                            0.34000
                            0.35500
                            0.36200
                            0.37900
                            0.38400
                            0.39700
                            0.41000
                            0.41500
                            0.43000
                            0.44500
                            0.44700
                            0.45700
                            0.47300
                            0.47900
                            0.48700
                            0.48800
                            0.51200
                            0.51400
                            0.51900
                            0.53500
                            0.54100
                            0.55400
                            0.56900
                            0.57100
                            0.58500
                            0.59800
                            0.60300
                            0.61600
                            0.62100
                            0.63700
                            0.64400
                            0.66000
                            0.66500
                            0.67900
                            0.67900
                            0.69500
                            0.71000
                            0.71500
                            0.72300
                            0.74200
                            0.75800
                            0.75900
                            0.76000
                            0.76800
                            0.79400
                            0.80300
                            0.80600
                            0.82000
                            0.83600
                            0.83900
                            0.84800
                            0.85400
                            0.86400
                            0.87900
                            0.88700
                            0.88900
                            0.89300
                            0.91800
                            0.93000
                            0.94600
                            0.95500
                            0.95700
                            0.97300
                            0.97800
                              0.99
                              1.0
